DIRF|2026|2025|N||F4Q51M4|
RESPO|40306844168|NAUMI GOMES DE AMORIM|85|33428106||||
DECPJ|07616162000106|PREFEITURA MUNICIPAL DE CAUCAIA 1 PREFEITURA|2|40306844168|N|N|N|N|S|N|N|N||
IDREC|0561|
BPFDEC|00007061323|LUCIVAN MORAIS PETROLA||N|N|
RTRT|0000001164822|0000001164822|0000001164822|0000001164822|0000001221083|0000001221083|0000001221083|0000001221083|0000001446126|0000001693236|0000001269927|0000001269927|0000001269927|
RTPO|0000000140581|0000000140581|0000000140581|0000000140581|0000000147372|0000000147372|0000000147372|0000000147372|0000000186401|0000000162857|0000000162857|0000000162857|0000000162857|
RTIRF|0000000192066|0000000192066|0000000192066|0000000192066|0000000204397|0000000204397|0000000204397|0000000204397|0000000255551|0000000329981|0000000213571|0000000213571|0000000213571|
BPFDEC|00007084374|JULIANA ALVES DO NASCIMENTO||N|N|
RTRT|0000000116590|0000000166558|0000000166558|0000000166558|0000000209523|0000000209523|0000000209523|0000000209523|0000000239289|0000000209523|0000000209523|0000000226983|0000000192062|
RTPO|0000000016322|0000000023318|0000000023318|0000000023318|0000000029333|0000000029333|0000000029333|0000000029333|0000000033500|0000000029333|0000000029333|0000000029333|0000000026888|
BPFDEC|00010169385|MARIA EMANUELA FERREIRA NOGUEIRA||N|N|
RTRT|0000001102720|0000001107780|0000001107780|0000001107780|0000001153953|0000001488004|0000001153953|0000001153953|0000001365435|0000001180741|0000001238143|0000001199875|0000001199875|
RTPO|0000000154380|0000000155089|0000000155089|0000000155089|0000000161553|0000000161553|0000000161553|0000000161553|0000000204811|0000000176183|0000000185081|0000000179149|0000000155620|
RTIRF|0000000171193|0000000172390|0000000172390|0000000172390|0000000182037|0000000273901|0000000182037|0000000182037|0000000228298|0000000185380|0000000198719|0000000189826|0000000196297|
BPFDEC|00010345370|SUMALIA SUERTE DINIZ LIMA||N|N|
RTRT|0000000256772|0000000256772|0000000276523|0000000296275|0000000296275|0000000000000|0000000000000|0000000000000|0000000000000|0000000000000|0000000000000|0000000000000|0000000000000|
RTPO|0000000018942|0000000018942|0000000020574|0000000022207|0000000022207|0000000000000|0000000000000|0000000000000|0000000000000|0000000000000|0000000000000|0000000000000|0000000000000|
RTIRF|0000000000000|0000000000000|0000000000000|0000000001040|0000000000000|0000000000000|0000000000000|0000000000000|0000000000000|0000000000000|0000000000000|0000000000000|0000000000000|
BPFDEC|00010729356|LIDIANE MARIA DA SILVA||N|N|
RTRT|0000000847244|0000000847244|0000000864188|0000000864188|0000001228732|0000001224496|0000000918372|0000000936740|0000001335775|0000000936740|0000000936740|0000000947700|0000000936740|
RTPO|0000000118614|0000000118614|0000000120986|0000000120986|0000000172022|0000000128572|0000000128572|0000000131143|0000000200214|0000000138363|0000000138363|0000000140062|0000000138363|
RTIRF|0000000110773|0000000110773|0000000114780|0000000114780|0000000199722|0000000210506|0000000126322|0000000130666|0000000221406|0000000128680|0000000128680|0000000131227|0000000128680|
BPFDEC|00010996397|VANIA ALVES DE ARAUJO||N|N|
RTRT|0000000327750|0000000327750|0000000327750|0000000000000|0000000000000|0000000000000|0000000000000|0000000000000|0000000000000|0000000000000|0000000000000|0000000000000|0000000000000|
RTPO|0000000023540|0000000023540|0000000023540|0000000000000|0000000000000|0000000000000|0000000000000|0000000000000|0000000000000|0000000000000|0000000000000|0000000000000|0000000000000|
RTIRF|0000000003401|0000000003401|0000000003401|0000000000000|0000000000000|0000000000000|0000000000000|0000000000000|0000000000000|0000000000000|0000000000000|0000000000000|0000000000000|
BPFDEC|00011018380|FRANCISCO DANIEL BRITO DA SILVA||N|N|
RTRT|0000000523396|0000000708124|0000000708124|0000000708124|0000000752523|0000000752523|0000000752523|0000000752523|0000000916801|0000000752523|0000000752523|0000000824037|0000000689812|
RTPO|0000000073275|0000000099137|0000000099137|0000000099137|0000000105353|0000000105353|0000000105353|0000000105353|0000000135273|0000000109810|0000000109810|0000000111174|0000000100089|
RTIRF|0000000035000|0000000077871|0000000077871|0000000077871|0000000087098|0000000087098|0000000087098|0000000087098|0000000124047|0000000085873|0000000085873|0000000087919|0000000071300|
BPFDEC|00011542306|HELYDA FERNANDES PEREIRA||N|N|
RTRT|0000001338692|0000001338692|0000001338692|0000001338692|0000001403350|0000001403350|0000001945980|0000001459485|0000001718120|0000001459485|0000001459485|0000001459485|0000001459485|
RTPO|0000000163234|0000000163234|0000000163234|0000000163234|0000000171118|0000000171118|0000000177963|0000000177963|0000000225115|0000000190199|0000000190199|0000000190199|0000000190199|
RTIRF|0000000233650|0000000233650|0000000233650|0000000233650|0000000247990|0000000247990|0000000395331|0000000261545|0000000319703|0000000258180|0000000258180|0000000258180|0000000258180|
BPFDEC|00013462377|RAFAELA MARIA TEIXEIRA TEOFILO||N|N|
RTRT|0000000708124|0000000199510|0000000000000|0000000000000|0000000000000|0000000000000|0000000000000|0000000000000|0000000000000|0000000000000|0000000000000|0000000000000|0000000059010|
RTPO|0000000099137|0000000069238|0000000000000|0000000000000|0000000000000|0000000000000|0000000000000|0000000000000|0000000000000|0000000000000|0000000000000|0000000000000|0000000008261|
RTIRF|0000000077871|0000000012394|0000000000000|0000000000000|0000000000000|0000000000000|0000000000000|0000000000000|0000000000000|0000000000000|0000000000000|0000000000000|0000000000000|
RIIRP|0000000000000|0000000295051|0000000000000|0000000000000|0000000000000|0000000000000|0000000000000|0000000000000|0000000000000|0000000000000|0000000000000|0000000000000||
BPFDEC|00014569388|JOSE MARIA ROCHA DOS SANTOS||N|N|
RTRT|0000000116380|0000000151800|0000000151800|0000000151800|0000000151800|0000000151800|0000000151800|0000000151800|0000000146740|0000000179140|0000000151800|0000000151800|0000000151800|
RTPO|0000000008728|0000000011385|0000000011385|0000000011385|0000000011385|0000000011385|0000000011385|0000000011385|0000000011005|0000000024499|0000000011385|0000000011385|0000000011384|
RIIRP|0000000000000|0000000000000|0000000000000|0000000000000|0000000000000|0000000000000|0000000000000|0000000000000|0000000000000|0000000113850|0000000000000|0000000000000||
BPFDEC|00015422305|JUSCELINO DE SA SOUSA||N|N|
RTRT|0000000151800|0000000151800|0000000151800|0000000151800|0000000000000|0000000000000|0000000000000|0000000000000|0000000000000|0000000000000|0000000000000|0000000000000|0000000000000|
RTPO|0000000011385|0000000011385|0000000011385|0000000011385|0000000000000|0000000000000|0000000000000|0000000000000|0000000000000|0000000000000|0000000000000|0000000000000|0000000000000|
BPFDEC|00017070350|CLEIDIANE MACHADO DE LIMA||N|N|
RTRT|0000000199204|0000000199204|0000000199204|0000000199204|0000000208826|0000000208826|0000000208826|0000000208826|0000000277659|0000000217178|0000000289570|0000000217178|0000000217178|
RTPO|0000000024250|0000000024250|0000000024250|0000000024250|0000000025422|0000000025422|0000000025422|0000000025422|0000000033802|0000000026439|0000000026439|0000000026439|0000000026439|
BPFDEC|00019911327|LEANDRO AUGUSTO MENEZES REGO||N|N|
RTRT|0000002107103|0000002086241|0000002086241|0000002086241|0000002187004|0000002208874|0000002208874|0000002208874|0000002590066|0000002187004|0000002945165|0000002208874|0000002208874|
RTPO|0000000255564|0000000255564|0000000255564|0000000255564|0000000267908|0000000267908|0000000267908|0000000267908|0000000344446|0000000289781|0000000289781|0000000289781|0000000289781|
RTIRF|0000000419573|0000000413836|0000000413836|0000000413836|0000000436878|0000000442892|0000000442892|0000000442892|0000000526672|0000000430863|0000000639357|0000000436877|0000000436877|
BPFDEC|00022758305|PRISCILA DE MENEZES GONDIM||N|N|
RTRT|0000000000000|0000000000000|0000000792196|0000000552736|0000000587392|0000000587392|0000000587392|0000000587392|0000000587392|0000000587392|0000000587392|0000000587392|0000000000000|
RTPO|0000000000000|0000000000000|0000000091865|0000000058341|0000000063193|0000000063193|0000000063193|0000000063193|0000000063193|0000000063193|0000000063193|0000000063193|0000000000000|
RTIRF|0000000000000|0000000000000|0000000102991|0000000046358|0000000053281|0000000053281|0000000053281|0000000053281|0000000053281|0000000053281|0000000053281|0000000053281|0000000000000|
BPFDEC|00025304305|RENATA MONICA BARBOSA DOS SANTOS LIMA||N|N|
RTRT|0000001252325|0000001252325|0000001252325|0000001252325|0000001312812|0000001750416|0000001365325|0000001365325|0000001607274|0000001365325|0000001365325|0000001365325|0000001365325|
RTPO|0000000151142|0000000151142|0000000151142|0000000151142|0000000158442|0000000158442|0000000164780|0000000164780|0000000207934|0000000175604|0000000175604|0000000175604|0000000175604|
RTIRF|0000000213225|0000000213225|0000000213225|0000000213225|0000000226578|0000000346919|0000000239276|0000000239276|0000000293945|0000000236300|0000000236300|0000000236300|0000000236300|
BPFDEC|00026307375|WILSON RODRIGUES BARBOSA||N|N|
RTRT|0000000151800|0000000151800|0000000151800|0000000151800|0000000000000|0000000000000|0000000000000|0000000000000|0000000000000|0000000000000|0000000000000|0000000000000|0000000000000|
RTPO|0000000011385|0000000011385|0000000011385|0000000011385|0000000000000|0000000000000|0000000000000|0000000000000|0000000000000|0000000000000|0000000000000|0000000000000|0000000000000|
BPFDEC|00026382318|ELVIA DE ARAUJO RODRIGUES||N|N|
RTRT|0000001235882|0000001647842|0000001235882|0000001285321|0000001347402|0000001347402|0000001347402|0000001347402|0000001614729|0000001347402|0000001302489|0000001347402|0000001347402|
RTPO|0000000151395|0000000151395|0000000151395|0000000157451|0000000165056|0000000165056|0000000165056|0000000165056|0000000209589|0000000175910|0000000168948|0000000175910|0000000175910|
RTIRF|0000000208633|0000000321922|0000000208633|0000000220564|0000000234272|0000000234272|0000000234272|0000000234272|0000000295540|0000000231287|0000000220850|0000000231287|0000000231287|
BPFDEC|00033371385|GISLENE DE SOUSA GONCALVES||N|N|
RTRT|0000000151800|0000000151800|0000000151800|0000000151800|0000000000000|0000000000000|0000000000000|0000000000000|0000000000000|0000000000000|0000000000000|0000000000000|0000000000000|
RTPO|0000000011385|0000000011385|0000000011385|0000000011385|0000000000000|0000000000000|0000000000000|0000000000000|0000000000000|0000000000000|0000000000000|0000000000000|0000000000000|
BPFDEC|00034785302|SIMARA MOREIRA DE MACEDO||N|N|
RTRT|0000001468243|0000001468243|0000001468243|0000001468243|0000001539159|0000001539159|0000002134301|0000001600726|0000001884390|0000001600726|0000001600726|0000001600726|0000001600726|
RTPO|0000000181371|0000000181371|0000000181371|0000000181371|0000000190131|0000000190131|0000000197736|0000000197736|0000000250887|0000000212091|0000000212091|0000000212091|0000000212091|
RTIRF|0000000264289|0000000264289|0000000264289|0000000264289|0000000280109|0000000280109|0000000441682|0000000294949|0000000358340|0000000291001|0000000291001|0000000291001|0000000291001|
BPFDEC|00038694310|AUGUSTO GUTHIERE FIALHO ARRUDA||N|N|
RTRT|0000001038289|0000001038289|0000001059054|0000001059054|0000001505799|0000001500608|0000001125456|0000001147966|0000001636979|0000001147966|0000001147966|0000001161397|0000001147966|
RTPO|0000000145360|0000000145360|0000000148267|0000000148267|0000000210811|0000000157563|0000000157563|0000000160715|0000000246900|0000000171103|0000000171103|0000000173185|0000000171103|
RTIRF|0000000155955|0000000155955|0000000160866|0000000160866|0000000265248|0000000278464|0000000175297|0000000180621|0000000291398|0000000177764|0000000177764|0000000180885|0000000177764|
BPFDEC|00040056350|NILTON CESAR LIMA NASCIMENTO||N|N|
RTRT|0000000151800|0000000151800|0000000151800|0000000151800|0000000151800|0000000151800|0000000151800|0000000151800|0000000151800|0000000151800|0000000151800|0000000151800|0000000000000|
RTPO|0000000011385|0000000011385|0000000011385|0000000011385|0000000011385|0000000011385|0000000011385|0000000011385|0000000011385|0000000011385|0000000011385|0000000011385|0000000000000|
BPFDEC|00043458351|SHIRLEY SILVESTRE LOPES||N|N|
RTRT|0000000523396|0000000708124|0000000708124|0000000708124|0000000752523|0000000752523|0000000752523|0000000752523|0000000916801|0000000752523|0000000752523|0000000824037|0000000689812|
RTPO|0000000073275|0000000099137|0000000099137|0000000099137|0000000105353|0000000105353|0000000105353|0000000105353|0000000135273|0000000109810|0000000109810|0000000111174|0000000100089|
RTIRF|0000000035000|0000000077871|0000000077871|0000000077871|0000000087098|0000000087098|0000000087098|0000000087098|0000000124047|0000000085873|0000000085873|0000000087919|0000000071300|
BPFDEC|00049236342|MARIA BERNADETE DE PAULA MOREIRA||N|N|
RTRT|0000001306669|0000001306669|0000001330054|0000001330054|0000001833163|0000001827316|0000001404834|0000001430183|0000002026687|0000001430183|0000001430183|0000001445309|0000001430183|
RTPO|0000000182933|0000000182933|0000000186207|0000000186207|0000000256642|0000000196676|0000000196676|0000000200225|0000000300207|0000000214847|0000000214847|0000000217191|0000000214847|
RTIRF|0000000219427|0000000219427|0000000224957|0000000224957|0000000342670|0000000357553|0000000241370|0000000247365|0000000383909|0000000243344|0000000243344|0000000246859|0000000243344|
BPFDEC|00049443305|RAQUEL GARCIA SAMPAIO DE FREITAS||N|N|
RTRT|0000000453333|0000000807618|0000000800000|0000000800000|0000000800000|0000000800000|0000000800000|0000000800000|0000000800000|0000000800000|0000000800000|0000000800000|0000000733333|
RTPO|0000000044425|0000000094024|0000000092958|0000000092958|0000000092958|0000000092958|0000000092958|0000000092958|0000000092958|0000000092958|0000000092958|0000000092958|0000000083625|
RTIRF|0000000023014|0000000077567|0000000104836|0000000104836|0000000103563|0000000103563|0000000103563|0000000103563|0000000103563|0000000103563|0000000103563|0000000103563|0000000087796|
BPFDEC|00049569317|JEHANNE ANGELICA OLIVEIRA LIMA||N|N|
RTRT|0000000198165|0000000190729|0000000190729|0000000190729|0000000200300|0000000200300|0000000200300|0000000200300|0000000238585|0000000200300|0000000269545|0000000276981|0000000207736|
RTPO|0000000027743|0000000026702|0000000026702|0000000026702|0000000028042|0000000028042|0000000028042|0000000028042|0000000033401|0000000028042|0000000028042|0000000029083|0000000029083|
BPFDEC|00052862399|LIDIANE LIMA DE MORAIS||N|N|
RTRT|0000000523396|0000000708124|0000000708124|0000000708124|0000000752523|0000000752523|0000000752523|0000000752523|0000000916801|0000000752523|0000000752523|0000000824037|0000000689812|
RTPO|0000000073275|0000000099137|0000000099137|0000000099137|0000000105353|0000000105353|0000000105353|0000000105353|0000000135273|0000000109810|0000000109810|0000000111174|0000000100089|
RTIRF|0000000035000|0000000077871|0000000077871|0000000077871|0000000087098|0000000087098|0000000087098|0000000087098|0000000124047|0000000085873|0000000085873|0000000087919|0000000071300|
BPFDEC|00057208344|FRANCISCA DUCIMAR FREITAS RAMOS||N|N|
RTRT|0000000200550|0000000200550|0000000200550|0000000200550|0000000200550|0000000200550|0000000200550|0000000200550|0000000463400|0000000291000|0000000320100|0000000305550|0000000305550|
RTPO|0000000015772|0000000015772|0000000015772|0000000015772|0000000015772|0000000015772|0000000015772|0000000015772|0000000031046|0000000024260|0000000027752|0000000026006|0000000026006|
RTIRF|0000000000000|0000000000000|0000000000000|0000000000000|0000000000000|0000000000000|0000000000000|0000000000000|0000000023054|0000000000000|0000000001237|0000000000146|0000000000146|
BPFDEC|00057230358|JOSE GERARDO QUEIROZ OLIVEIRA JUNIOR||N|N|
RTRT|0000001076944|0000001410018|0000001454822|0000001454822|0000001511083|0000001511083|0000002124918|0000001861280|0000002085440|0000001511083|0000002187591|0000001637402|0000001613235|
RTPO|0000000129976|0000000175774|0000000181181|0000000181181|0000000187972|0000000187972|0000000273909|0000000236999|0000000285631|0000000201280|0000000236523|0000000220860|0000000175910|
RTIRF|0000000170816|0000000249817|0000000260651|0000000260651|0000000272982|0000000272982|0000000418154|0000000355804|0000000404074|0000000269322|0000000445670|0000000298676|0000000304391|
BPFDEC|00060378360|BEATRIZ GONZAGA NUNES||N|N|
RTRT|0000000116590|0000000166558|0000000166558|0000000166558|0000000209523|0000000209523|0000000209523|0000000327023|0000000349140|0000000552971|0000000409860|0000000409860|0000000292996|
RTPO|0000000016322|0000000023318|0000000023318|0000000023318|0000000029333|0000000029333|0000000029333|0000000056518|0000000042504|0000000072319|0000000051308|0000000051308|0000000038362|
RTIRF|0000000000000|0000000000000|0000000000000|0000000000000|0000000000000|0000000000000|0000000000000|0000000006579|0000000003847|0000000041306|0000000012955|0000000012955|0000000000000|
RIIRP|0000000000000|0000000000000|0000000000000|0000000000000|0000000000000|0000000000000|0000000000000|0000000122221|0000000000000|0000000000000|0000000000000|0000000000000||
BPFDEC|00062821300|MARIA DO CARMO SILVA CAVALCANTE GURGEL||N|N|
RTRT|0000000480851|0000000520921|0000000480851|0000000480851|0000000480851|0000000480851|0000000480851|0000000480851|0000000480851|0000000480851|0000000480851|0000000480851|0000000480850|
RTPO|0000000048277|0000000070717|0000000048277|0000000048277|0000000048277|0000000048277|0000000048277|0000000048277|0000000048277|0000000048277|0000000048277|0000000048277|0000000045672|
RTIRF|0000000029206|0000000026003|0000000029206|0000000029206|0000000026980|0000000026980|0000000026980|0000000026980|0000000026980|0000000026980|0000000026980|0000000026980|0000000017964|
RIIRP|0000000000000|0000000761346|0000000000000|0000000000000|0000000000000|0000000000000|0000000000000|0000000000000|0000000000000|0000000000000|0000000000000|0000000000000||
BPFDEC|00065815360|GLAUCIA FREITAS AIEZZA MONTEIRO||N|N|
RTRT|0000000590610|0000000446671|0000000431817|0000000424391|0000000444890|0000000468246|0000000464353|0000000515445|0000000614768|0000000506454|0000000510665|0000000514875|0000000510665|
RTPO|0000000054564|0000000054564|0000000054564|0000000054564|0000000057200|0000000057200|0000000057200|0000000061586|0000000073786|0000000062559|0000000062559|0000000062559|0000000062559|
RTIRF|0000000057285|0000000021515|0000000018173|0000000017042|0000000018889|0000000024144|0000000023268|0000000034569|0000000057897|0000000032327|0000000033274|0000000034222|0000000033274|
BPFDEC|00066267340|MONALISA VIANA DE OLIVEIRA||N|N|
RTRT|0000000473418|0000000473418|0000000473418|0000000473418|0000000496284|0000000496284|0000000496284|0000000496284|0000000587748|0000000496284|0000000496284|0000000496284|0000000496284|
RTPO|0000000066278|0000000066278|0000000066278|0000000066278|0000000069479|0000000069479|0000000069479|0000000069479|0000000084367|0000000070647|0000000070647|0000000070647|0000000070647|
RTIRF|0000000025329|0000000025329|0000000025329|0000000025329|0000000028482|0000000028482|0000000028482|0000000028482|0000000047556|0000000028219|0000000028219|0000000028219|0000000028219|
BPFDEC|00067945309|DANIELE LOPES DE SOUZA||N|N|
RTRT|0000000151800|0000000151800|0000000151800|0000000151800|0000000151800|0000000151800|0000000151800|0000000151800|0000000151800|0000000151800|0000000151800|0000000215050|0000000139150|
RTPO|0000000021252|0000000021252|0000000021252|0000000021252|0000000021252|0000000021252|0000000021252|0000000021252|0000000021252|0000000021252|0000000021252|0000000021252|0000000019481|
BPFDEC|00068714378|ENILDA DE ANDRADE SAMPAIO SILVA||N|N|
RTRT|0000000116590|0000000166558|0000000166558|0000000166558|0000000174603|0000000174603|0000000174603|0000000174603|0000000204369|0000000174603|0000000174603|0000000189153|0000000160052|
RTPO|0000000016322|0000000023318|0000000023318|0000000023318|0000000024444|0000000024444|0000000024444|0000000024444|0000000028611|0000000024444|0000000024444|0000000024444|0000000022407|
BPFDEC|00069097364|BARBARA CLESY DE SOUZA FREITAS||N|N|
RTRT|0000000830631|0000000830631|0000000830631|0000000830631|0000000882711|0000001176948|0000000882711|0000000900366|0000001287990|0000000900366|0000000900366|0000000910900|0000000900366|
RTPO|0000000116288|0000000116288|0000000116288|0000000116288|0000000123579|0000000123579|0000000123579|0000000126051|0000000192807|0000000132725|0000000132725|0000000134358|0000000132725|
RTIRF|0000000106844|0000000106844|0000000106844|0000000106844|0000000117888|0000000198803|0000000117888|0000000122063|0000000210302|0000000120228|0000000120228|0000000122676|0000000120228|
BPFDEC|00069144389|LOUISE ANNE GOMES DE SOUZA TELES||N|N|
RTRT|0000000764703|0000000764703|0000000764703|0000000764703|0000000801638|0000000801638|0000000801638|0000000801638|0000000949379|0000001068850|0000000833704|0000000833704|0000000833704|
RTPO|0000000094081|0000000094081|0000000094081|0000000094081|0000000098625|0000000098625|0000000098625|0000000098625|0000000122485|0000000102361|0000000106729|0000000106729|0000000106729|
RTIRF|0000000094821|0000000094821|0000000094821|0000000094821|0000000102455|0000000102455|0000000102455|0000000102455|0000000136522|0000000174911|0000000109045|0000000109045|0000000109045|
BPFDEC|00070624356|FRANCISCO RONALDO DE JESUS ALVES||N|N|
RTRT|0000000000000|0000000000000|0000000000000|0000000000000|0000000000000|0000000000000|0000000000000|0000000000000|0000000000000|0000000000000|0000000000000|0000000131560|0000000000000|
RTPO|0000000000000|0000000000000|0000000000000|0000000000000|0000000000000|0000000000000|0000000000000|0000000000000|0000000000000|0000000000000|0000000000000|0000000009867|0000000000000|
BPFDEC|00070759367|EMILIANA ROCHA BEZERRA||N|N|
RTRT|0000000864188|0000000864188|0000000881472|0000000881472|0000001253307|0000001248986|0000000936740|0000000955476|0000001362491|0000000955476|0000000955476|0000000966655|0000000955476|
RTPO|0000000120986|0000000120986|0000000123406|0000000123406|0000000175462|0000000131143|0000000131143|0000000133766|0000000204355|0000000141267|0000000141267|0000000143000|0000000141267|
RTIRF|0000000114780|0000000114780|0000000118868|0000000118868|0000000205534|0000000216533|0000000130666|0000000135097|0000000227614|0000000133034|0000000133034|0000000135632|0000000133034|
BPFDEC|00076768325|MARCELO RODRIGUES TEIXEIRA||N|N|
RTRT|0000000151800|0000000151800|0000000151800|0000000151800|0000000000000|0000000000000|0000000000000|0000000000000|0000000000000|0000000000000|0000000000000|0000000000000|0000000000000|
RTPO|0000000011385|0000000011385|0000000011385|0000000011385|0000000000000|0000000000000|0000000000000|0000000000000|0000000000000|0000000000000|0000000000000|0000000000000|0000000000000|
BPFDEC|00079395317|MARTA JEANE MACHADO VASCONCELOS||N|N|
RTRT|0000000296275|0000000316027|0000000335778|0000000375282|0000000296275|0000000000000|0000000000000|0000000000000|0000000000000|0000000000000|0000000000000|0000000000000|0000000000000|
RTPO|0000000022207|0000000024162|0000000026338|0000000030691|0000000022207|0000000000000|0000000000000|0000000000000|0000000000000|0000000000000|0000000000000|0000000000000|0000000000000|
RTIRF|0000000001040|0000000002522|0000000004003|0000000009676|0000000000000|0000000000000|0000000000000|0000000000000|0000000000000|0000000000000|0000000000000|0000000000000|0000000000000|
BPFDEC|00082647321|LEONID DE FRANCA COUTINHO||N|N|
RTRT|0000000373817|0000000373817|0000000381293|0000000508390|0000000536429|0000000399709|0000000399709|0000000407704|0000000566757|0000000407704|0000000407704|0000000407704|0000000407704|
RTPO|0000000052334|0000000052334|0000000053381|0000000053381|0000000075100|0000000055959|0000000055959|0000000057078|0000000080297|0000000057599|0000000057599|0000000057599|0000000057599|
RTIRF|0000000009456|0000000009456|0000000010577|0000000035402|0000000036250|0000000011432|0000000011432|0000000012631|0000000042903|0000000012631|0000000012631|0000000012631|0000000012631|
BPFDEC|00086839306|JEANY KELLY RODRIGUES DA ROCHA MOREIRA||N|N|
RTRT|0000000000000|0000000000000|0000000233518|0000000179639|0000000622782|0000000886966|0000000587392|0000000587392|0000000587392|0000000587392|0000000587392|0000000587392|0000000000000|
RTPO|0000000000000|0000000000000|0000000018739|0000000013890|0000000068147|0000000095162|0000000063193|0000000063193|0000000063193|0000000063193|0000000063193|0000000063193|0000000000000|
RTIRF|0000000000000|0000000000000|0000000000000|0000000000000|0000000061651|0000000126873|0000000053281|0000000053281|0000000053281|0000000053281|0000000053281|0000000053281|0000000000000|
BPFDEC|00086868314|JUSTINO VASCONCELOS DA SILVA||N|N|
RTRT|0000000151800|0000000151800|0000000151800|0000000151800|0000000151800|0000000151800|0000000151800|0000000151800|0000000151800|0000000151800|0000000151800|0000000151800|0000000000000|
RTPO|0000000011385|0000000011385|0000000011385|0000000011385|0000000011385|0000000011385|0000000011385|0000000011385|0000000011385|0000000011385|0000000011385|0000000011385|0000000000000|
BPFDEC|00089074394|ETILAPHIA SANTOS CAVALCANTE||N|N|
RTRT|0000000177100|0000000151800|0000000151800|0000000182160|0000000182160|0000000182160|0000000182160|0000000182160|0000000182160|0000000182160|0000000182160|0000000258060|0000000166980|
RTPO|0000000024794|0000000021252|0000000021252|0000000025502|0000000025502|0000000025502|0000000025502|0000000025502|0000000025502|0000000025502|0000000025502|0000000025502|0000000023377|
BPFDEC|00090643380|FRANCISCA SAMARA BRAZ HENRIQUE||N|N|
RTRT|0000000814343|0000000814343|0000000814343|0000000814343|0000000865402|0000001153869|0000000865402|0000000882711|0000001262734|0000000882711|0000000882711|0000000893039|0000000882711|
RTPO|0000000114008|0000000114008|0000000114008|0000000114008|0000000121156|0000000121156|0000000121156|0000000123579|0000000188892|0000000129989|0000000129989|0000000131590|0000000129989|
RTIRF|0000000102992|0000000102992|0000000102992|0000000102992|0000000113794|0000000193123|0000000113794|0000000117888|0000000204433|0000000116125|0000000116125|0000000118525|0000000116125|
BPFDEC|00090739302|FRANCISCO ELTON DE ARAUJO SOUSA||N|N|
RTRT|0000000000000|0000000000000|0000000000000|0000000000000|0000000000000|0000000168782|0000000174603|0000000174603|0000000174603|0000000174603|0000000174603|0000000174603|0000000101851|
RTPO|0000000000000|0000000000000|0000000000000|0000000000000|0000000000000|0000000023629|0000000024444|0000000024444|0000000024444|0000000024444|0000000024444|0000000024444|0000000014259|
BPFDEC|00091150302|GERARDO DOS SANTOS RABELO||N|N|
RTRT|0000000166558|0000000166558|0000000166558|0000000166558|0000000174603|0000000174603|0000000174603|0000000174603|0000000206782|0000000174603|0000000232804|0000000174603|0000000174603|
RTPO|0000000023318|0000000023318|0000000023318|0000000023318|0000000024444|0000000024444|0000000024444|0000000024444|0000000028949|0000000024444|0000000024444|0000000024444|0000000024444|
BPFDEC|00093817320|EDUARDO OLIVEIRA SANTOS||N|N|
RTRT|0000000583207|0000000583207|0000000583207|0000000583207|0000000815169|0000000611377|0000000611377|0000000611377|0000000724053|0000000611377|0000000611377|0000000611377|0000000611377|
RTPO|0000000081648|0000000081648|0000000081648|0000000081648|0000000085592|0000000085592|0000000085592|0000000085592|0000000105397|0000000087932|0000000087932|0000000087932|0000000087932|
RTIRF|0000000048328|0000000048328|0000000048328|0000000048328|0000000109760|0000000053717|0000000053717|0000000053717|0000000079257|0000000053074|0000000053074|0000000053074|0000000053074|
BPFDEC|00098967320|WANESSA BATISTA DE LIMA SILVA||N|N|
RTRT|0000000523396|0000000708124|0000000708124|0000000708124|0000000752523|0000000752523|0000000752523|0000000752523|0000000916801|0000000752523|0000000752523|0000000824037|0000000689812|
RTPO|0000000073275|0000000099137|0000000099137|0000000099137|0000000105353|0000000105353|0000000105353|0000000105353|0000000135273|0000000109810|0000000109810|0000000111174|0000000100089|
RTIRF|0000000035000|0000000077871|0000000077871|0000000077871|0000000087098|0000000087098|0000000087098|0000000087098|0000000124047|0000000085873|0000000085873|0000000087919|0000000071300|
BPFDEC|00099075300|MARIA DE LOURDES DA SILVA ANDRADE||N|N|
RTRT|0000000433013|0000000324760|0000000324760|0000000429347|0000000349140|0000000349140|0000000349140|0000000349140|0000000116380|0000000349140|0000000349140|0000000349140|0000000320045|
RTPO|0000000039536|0000000039536|0000000039536|0000000051408|0000000042504|0000000042504|0000000042504|0000000042504|0000000009917|0000000042504|0000000042504|0000000042504|0000000038962|
RTDP|0000000018959|0000000018959|0000000018959|0000000018959|0000000018959|0000000018959|0000000018959|0000000018959|0000000000000|0000000018959|0000000018959|0000000018959|0000000018959|
RTIRF|0000000018033|0000000003025|0000000003025|0000000015703|0000000003735|0000000003735|0000000003735|0000000003735|0000000000000|0000000003735|0000000003735|0000000003735|0000000001233|
BPFDEC|20863063349|JOSE MARIANO CUNHA GUIMARAES||S|N|
RTRT|0000000431891|0000000431891|0000000431891|0000000431891|0000000470861|0000000470861|0000000470861|0000000591961|0000000554303|0000000470861|0000000470861|0000000470861|0000000470861|
RTPO|0000000060464|0000000060464|0000000060464|0000000060464|0000000065920|0000000065920|0000000065920|0000000082874|0000000079350|0000000066834|0000000066834|0000000066834|0000000066834|
INFPA|03053125374||MARIANA SOUZA GUIMARAES|10|
RTPA|0000000092856|0000000092856|0000000092856|0000000092856|0000000101235|0000000101235|0000000101235|0000000000000|0000000000000|0000000000000|0000000000000|0000000000000|0000000058857|
INFPA|08398788348||THIAGO SOUZA GUIMARAES|10|
RTPA|0000000000000|0000000000000|0000000000000|0000000000000|0000000000000|0000000000000|0000000000000|0000000127271|0000000118738|0000000101006|0000000101006|0000000101006|0000000101006|
RTIRF|0000000003948|0000000003948|0000000003948|0000000003948|0000000006139|0000000006139|0000000006139|0000000018359|0000000014016|0000000006037|0000000006037|0000000006037|0000000023357|
BPFDEC|29827590391|FRANCISCO JOSE DOS SANTOS VASCONCELOS||N|N|
RTRT|0000000954134|0000000954134|0000000973216|0000000973216|0000001383752|0000001378981|0000001034236|0000001054922|0000001504300|0000001054922|0000001054922|0000001067265|0000001054922|
RTPO|0000000133578|0000000133578|0000000136250|0000000136250|0000000193725|0000000144793|0000000144793|0000000147689|0000000226335|0000000156681|0000000156681|0000000158595|0000000156681|
RTIRF|0000000136052|0000000136052|0000000140565|0000000140565|0000000236384|0000000248528|0000000153723|0000000158616|0000000260567|0000000156143|0000000156143|0000000159011|0000000156143|
BPFDEC|53235304304|MARIA DAS DORES ANDRADE DE OLIVEIRA ARRUDA||N|N|
RTRT|0000001083231|0000001083231|0000001104897|0000001104897|0000001570981|0000001565565|0000001174174|0000001197656|0000001707837|0000001197656|0000001197656|0000001211668|0000001197656|
RTPO|0000000151652|0000000151652|0000000154685|0000000154685|0000000219937|0000000164384|0000000164384|0000000167671|0000000257883|0000000178805|0000000178805|0000000180977|0000000178805|
RTIRF|0000000166584|0000000166584|0000000171708|0000000171708|0000000280664|0000000294451|0000000186819|0000000192372|0000000307864|0000000189311|0000000189311|0000000192567|0000000189311|
BPFDEC|93311303334|GIZELE SANTOS MALCHER||N|N|
RTRT|0000000970727|0000000970727|0000000990141|0000000990141|0000001407818|0000001402964|0000001052223|0000001073269|0000001530463|0000001073269|0000001073269|0000001085826|0000001073269|
RTPO|0000000135901|0000000135901|0000000138619|0000000138619|0000000197094|0000000147311|0000000147311|0000000150257|0000000230390|0000000159525|0000000159525|0000000161472|0000000159525|
RTIRF|0000000139977|0000000139977|0000000144568|0000000144568|0000000242076|0000000254431|0000000157977|0000000162955|0000000266647|0000000160406|0000000160406|0000000163324|0000000160406|
BPFDEC|97561525320|ANTONIA DA PENHA SIMAO DOS SANTOS||N|N|
RTRT|0000000165184|0000000165184|0000000165184|0000000165184|0000000184688|0000000184688|0000000184688|0000000233148|0000000312386|0000000184688|0000000184688|0000000184688|0000000184688|
RTPO|0000000023125|0000000023125|0000000023125|0000000023125|0000000025856|0000000025856|0000000025856|0000000032640|0000000032800|0000000025856|0000000025856|0000000025856|0000000025856|
RTIRF|0000000000000|0000000000000|0000000000000|0000000000000|0000000000000|0000000000000|0000000000000|0000000000000|0000000000658|0000000000000|0000000000000|0000000000000|0000000000000|
PSE|
OPSE|01867792000169|CLIN PLANO ODONTOLOGICO DIGITAL|304441|
OPSE|03187913000157|ODONTOART PLANOS ODONTOLOGICOS LTDA|414387|
TPSE|20863063349|JOSE MARIANO CUNHA GUIMARAES|1788000|
DTPSE|08398788348||THIAGO SOUSA GUIMARAES|04|1788000|
TPSE|29827590391|FRANCISCO JOSE DOS SANTOS VASCONCELOS|1788000|
DTPSE|02290096385||FELIPE JOSE DE SOUSA VASCONCELOS|04|1788000|
DTPSE|32351844300||MARIA DAS GRACAS DE SOUSA VASCONCELOS|03|1788000|
TPSE|53235304304|MARIA DAS DORES ANDRADE DE OLIVEIRA|1788000|
DTPSE|26174049353||CARLOS ALBERTO ANDRADE ARRUDA|10|1788000|
DTPSE|07875938341||ISABELLE DE OLIVEIRA SIQUEIRA|04|1788000|
DTPSE|06385479382||IVNA PAULA DE OLIVEIRA SIQUEIRA|04|1788000|
DTPSE|01452136335||IZAAC ANDRADE DE OLIVEIRA|10|1788000|
DTPSE|08281328363||PAULO RUBENS DE OLIVEIRA SIQUEIRA|04|1788000|
TPSE|93311303334|GIZELE SANTOS MALCHER|1788000|
DTPSE|11572495316||ALICE MARIA SANTOS MALCHER ROCHA RIBEIRO|04|1788000|
DTPSE|04156640396||DIEGO STEFFANY ROCHA RIBEIRO|03|1788000|
DTPSE|08410235307||VIRNA GABRIELE SANTOS MALCHER SOUSA|04|1192000|
TPSE|97561525320|ANTONIA DA PENHA SIMAO DOS SANTOS|1788000|
DTPSE|08478784306||HELOISA DOS SANTOS BRAGA|04|1788000|
DTPSE|37822128353||VALERIO BRAGA|03|1788000|
OPSE|63554067000198|HAPVIDA ASSISTENCIA MEDICA LTDA|368253|
TPSE|00010729356|LIDIANE MARIA DA SILVA|426682|
TPSE|00025304305|RENATA MONICA BARBOSA DOS SANTOS LIMA|689909|
TPSE|00038694310|AUGUSTO GUTHIERE FIALHO ARRUDA|426682|
TPSE|00049236342|MARIA BERNADETE DE PAULA MOREIRA|1312043|
TPSE|00049569317|JEHANNE ANGELICA OLIVEIRA LIMA|523836|
TPSE|00057208344|FRANCISCA DUCIMAR FREITAS RAMOS|413812|
TPSE|00069097364|BARBARA CLESY DE SOUZA FREITAS|1110001|
TPSE|00098967320|WANESSA BATISTA DE LIMA SILVA|333620|
FIMDIRF|
